+------------+-------+-------+-----+--------------------+--------------------+--------------------+--------------------+------------+--------------------+--------+
|     	      | China | India | USA |     Indonesia      |      Pakistan      |       Brazil       |      Nigeria       | Bangladesh |       Russia       | Mexico |
+------------+-------+-------+-----+--------------------+--------------------+--------------------+--------------------+------------+--------------------+--------+
|   China    |  0.0  |  0.0  | 0.0 | 0.1111111111111111 | 0.1111111111111111 | 0.1111111111111111 | 0.1111111111111111 |    0.0     | 0.1111111111111111 |  0.0   |
|   India    |  0.0  |  0.0  | 0.0 | 0.1111111111111111 | 0.1111111111111111 | 0.1111111111111111 | 0.1111111111111111 |    0.8     | 0.1111111111111111 |  0.0   |
|    USA     |  1.0  |  0.6  | 0.0 | 0.1111111111111111 | 0.1111111111111111 | 0.1111111111111111 | 0.1111111111111111 |    0.2     | 0.1111111111111111 |  1.0   |
| Indonesia  |  0.0  |  0.0  | 0.0 |        0.0         | 0.1111111111111111 | 0.1111111111111111 | 0.1111111111111111 |    0.0     | 0.1111111111111111 |  0.0   |
|  Pakistan  |  0.0  |  0.0  | 0.0 | 0.1111111111111111 |        0.0         | 0.1111111111111111 | 0.1111111111111111 |    0.0     | 0.1111111111111111 |  0.0   |
|   Brazil   |  0.0  |  0.0  | 0.0 | 0.1111111111111111 | 0.1111111111111111 |        0.0         | 0.1111111111111111 |    0.0     | 0.1111111111111111 |  0.0   |
|  Nigeria   |  0.0  |  0.0  | 0.0 | 0.1111111111111111 | 0.1111111111111111 | 0.1111111111111111 |        0.0         |    0.0     | 0.1111111111111111 |  0.0   |
| Bangladesh |  0.0  |  0.4  | 0.0 | 0.1111111111111111 | 0.1111111111111111 | 0.1111111111111111 | 0.1111111111111111 |    0.0     | 0.1111111111111111 |  0.0   |
|   Russia   |  0.0  |  0.0  | 0.0 | 0.1111111111111111 | 0.1111111111111111 | 0.1111111111111111 | 0.1111111111111111 |    0.0     |        0.0         |  0.0   |
|   Mexico   |  0.0  |  0.0  | 1.0 | 0.1111111111111111 | 0.1111111111111111 | 0.1111111111111111 | 0.1111111111111111 |    0.0     | 0.1111111111111111 |  0.0   |
+------------+-------+-------+-----+--------------------+--------------------+--------------------+--------------------+------------+--------------------+--------+